1 0 104
2 104 679
3 783 702
4 1485 683
5 2168 722
6 2890 700
7 3590 711
8 4301 657
9 4958 652
10 5610 676
11 6286 661
12 6947 739
13 7686 707
14 8393 685
15 9078 653
16 9731 696
17 10427 649
18 11076 681
19 11757 666
20 12423 654
21 13077 674
22 13751 667
23 14418 677
24 15095 671
25 15766 689
26 16455 718
27 17173 695
28 17868 696
29 18564 728
30 19292 659
31 19951 692
32 20643 672
33 21315 682
34 21997 659
35 22656 686
36 23342 674
37 24016 672
38 24688 674
39 25362 668
40 26030 680
41 26710 722
42 27432 678
43 28110 708
44 28818 653
45 29471 691
46 30162 684
47 30846 704
48 31550 686
49 32236 723
50 32959 658
51 33617 677
52 34294 709
53 35003 691
54 35694 683
55 36377 686
56 37063 704
57 37767 723
58 38490 677
59 39167 707
60 39874 672
61 40546 735
62 41281 664
63 41945 693
64 42638 676
65 43314 687
66 44001 675
67 44676 662
68 45338 675
69 46013 670
70 46683 687
71 47370 671
72 48041 725
73 48766 698
74 49464 679
75 50143 708
76 50851 676
77 51527 679
78 52206 682
79 52888 685
80 53573 722
81 54295 717
82 55012 660
83 55672 682
84 56354 676
85 57030 733
86 57763 675
87 58438 687
88 59125 662
89 59787 679
90 60466 674
91 61140 678
92 61818 666
93 62484 681
94 63165 675
95 63840 679
96 64519 677
97 65196 694
98 65890 648
99 66538 706
100 67244 720
101 67964 735
102 68699 659
103 69358 668
104 70026 687
105 70713 695
106 71408 716
107 72124 731
108 72855 735
109 73590 683
110 74273 680
111 74953 669
112 75622 673
113 76295 677
114 76972 674
115 77646 706
116 78352 686
117 79038 663
118 79701 665
119 80366 665
120 81031 677
121 81708 676
122 82384 705
123 83089 716
124 83805 719
125 84524 707
126 85231 699
127 85930 711
128 86641 695
129 87336 675
130 88011 221
131 88232 204
132 88436 691
133 89127 727
134 89854 672
135 90526 678
136 91204 673
137 91877 672
138 92549 714
139 93263 671
140 93934 685
141 94619 671
142 95290 654
143 95944 673
144 96617 677
145 97294 662
146 97956 675
147 98631 672
148 99303 690
149 99993 670
150 100663 679
151 101342 715
152 102057 720
153 102777 735
154 103512 709
155 104221 675
156 104896 685
157 105581 706
158 106287 708
159 106995 665
160 107660 681
161 108341 678
162 109019 691
163 109710 715
164 110425 675
165 111100 668
166 111768 708
167 112476 693
168 113169 670
169 113839 715
170 114554 679
171 115233 681
172 115914 691
173 116605 729
174 117334 724
175 118058 735
176 118793 677
177 119470 749
178 120219 706
179 120925 680
180 121605 669
181 122274 700
182 122974 659
183 123633 665
184 124298 688
185 124986 668
186 125654 686
187 126340 673
188 127013 700
189 127713 664
190 128377 698
191 129075 677
192 129752 707
193 130459 673
194 131132 679
195 131811 680
196 132491 692
197 133183 711
198 133894 665
199 134559 717
200 135276 684
201 135960 670
202 136630 708
203 137338 747
204 138085 726
205 138811 725
206 139536 718
207 140254 734
208 140988 737
209 141725 711
210 142436 706
211 143142 707
212 143849 724
213 144573 709
214 145282 694
215 145976 659
216 146635 694
217 147329 654
218 147983 707
219 148690 720
220 149410 756
221 150166 755
222 150921 746
223 151667 658
224 152325 667
225 152992 671
226 153663 678
227 154341 652
228 154993 698
229 155691 646
230 156337 656
231 156993 680
232 157673 659
233 158332 695
234 159027 231
235 159258 711
236 159969 700
237 160669 698
238 161367 705
239 162072 672
240 162744 737
241 163481 703
242 164184 659
243 164843 684
244 165527 673
245 166200 671
246 166871 668
247 167539 646
248 168185 669
249 168854 663
250 169517 669
251 170186 672
252 170858 667
253 171525 678
254 172203 716
255 172919 680
256 173599 705
257 174304 660
258 174964 688
259 175652 674
260 176326 738
261 177064 716
262 177780 709
263 178489 715
264 179204 682
265 179886 674
266 180560 697
267 181257 668
268 181925 682
269 182607 680
270 183287 708
271 183995 677
272 184672 700
273 185372 718
274 186090 715
275 186805 693
276 187498 685
277 188183 695
278 188878 680
279 189558 708
280 190266 682
281 190948 690
282 191638 675
283 192313 667
284 192980 662
285 193642 671
286 194313 655
287 194968 671
288 195639 688
289 196327 671
290 196998 667
291 197665 699
292 198364 679
293 199043 715
294 199758 707
295 200465 685
296 201150 712
297 201862 698
298 202560 704
299 203264 743
300 204007 694
301 204701 706
302 205407 661
303 206068 666
304 206734 658
305 207392 685
306 208077 668
307 208745 674
308 209419 669
309 210088 661
310 210749 675
311 211424 664
312 212088 684
313 212772 649
314 213421 662
315 214083 677
316 214760 673
317 215433 699
318 216132 703
319 216835 686
320 217521 665
321 218186 680
322 218866 658
323 219524 662
324 220186 652
325 220838 708
326 221546 660
327 222206 668
328 222874 690
329 223564 663
330 224227 661
331 224888 712
332 225600 689
333 226289 662
334 226951 660
335 227611 652
336 228263 731
337 228994 690
338 229684 658
339 230342 665
340 231007 660
341 231667 670
342 232337 648
343 232985 655
344 233640 654
345 234294 681
346 234975 663
347 235638 646
348 236284 106
349 236390 3254
350 239644 791
351 240435 6241
352 246676 6383
353 253059 5761
354 258820 10772
355 269592 3817
356 273409 1608
357 275017 2173
358 277190 9608
359 286798 4336
360 291134 6409
361 297543 3072
362 300615 6122
363 306737 6103
364 312840 1717
365 314557 6496
366 321053 3299
367 324352 6734
368 331086 9058
369 340144 1449
370 341593 2934
371 344527 1799
372 346326 3375
373 349701 6041
374 355742 6821
375 362563 6327
376 368890 6449
377 375339 9724
378 385063 9765
379 394828 1205
380 396033 738
381 396771 1171
382 397942 3821
383 401763 693
384 402456 5551
385 408007 1416
386 409423 2805
387 412228 2342
388 414570 5552
389 420122 12242
390 432364 2621
391 434985 26110
392 461095 3735
393 464830 4060
394 468890 12455
395 481345 3916
396 485261 14676
397 499937 12298
398 512235 3700
399 515935 1661
400 517596 9127
401 526723 1828
402 528551 737
403 529288 3256
404 532544 2881
405 535425 5844
406 541269 9643
407 550912 4068
408 554980 1159
409 556139 1810
410 557949 5525
411 563474 4622
412 568096 4568
413 572664 4419
414 577083 1883
415 578966 4395
416 583361 3700
417 587061 6189
418 593250 4216
419 597466 1130
420 598596 759
421 599355 8869
422 608224 3979
423 612203 7032
424 619235 1537
425 620772 2503
426 623275 1112
427 624387 1050
428 625437 1041
429 626478 5352
430 631830 11024
431 642854 772
432 643626 691
433 644317 4043
434 648360 10115
435 658475 1334
436 659809 3135
437 662944 877
438 663821 708
439 664529 652
440 665181 1013
441 666194 751
442 666945 1778
443 668723 12324
444 681047 4352
445 685399 11217
446 696616 3636
447 700252 106
448 700358 3162
449 703520 2479
450 705999 7815
451 713814 2692
452 716506 2043
453 718549 6246
454 724795 4274
455 729069 4394
456 733463 3863
457 737326 6916
458 744242 3633
459 747875 3313
460 751188 4653
461 755841 5295
462 761136 4472
463 765608 3448
464 769056 4150
465 773206 1168
466 774374 7976
467 782350 4600
468 786950 4418
469 791368 4403
470 795771 4115
471 799886 5593
472 805479 7827
473 813306 2375
474 815681 2156
475 817837 2979
476 820816 2973
477 823789 4643
478 828432 5458
479 833890 3197
480 837087 4117
481 841204 5489
482 846693 4711
483 851404 5147
484 856551 2519
485 859070 2757
486 861827 2997
487 864824 8291
488 873115 1257
489 874372 799
490 875171 232
491 875403 4177
492 879580 3373
493 882953 1573
494 884526 9978
495 894504 3097
496 897601 8784
497 906385 3992
498 910377 5274
499 915651 4961
500 920612 8613
501 929225 4826
502 934051 3949
503 938000 550
504 938550 4715
505 943265 4423
506 947688 3843
507 951531 5854
508 957385 7246
509 964631 6498
510 971129 2602
511 973731 3389
512 977120 996
513 978116 22940
514 1001056 18610
515 1019666 2612
516 1022278 8506
517 1030784 1675
518 1032459 2423
519 1034882 7165
520 1042047 3368
521 1045415 11043
522 1056458 2904
523 1059362 3540
524 1062902 3251
525 1066153 4865
526 1071018 7294
527 1078312 6932
528 1085244 6221
529 1091465 1103
530 1092568 2814
531 1095382 3475
532 1098857 1075
533 1099932 2466
534 1102398 1582
535 1103980 6373
536 1110353 13654
537 1124007 2126
538 1126133 12982
539 1139115 6499
540 1145614 2907
541 1148521 5061
542 1153582 1992
543 1155574 9074
544 1164648 6593
545 1171241 2509
546 1173750 6475
547 1180225 106
548 1180331 1115
549 1181446 6719
550 1188165 2190
551 1190355 1961
552 1192316 6236
553 1198552 3657
554 1202209 660
555 1202869 1866
556 1204735 3110
557 1207845 1287
558 1209132 2330
559 1211462 1142
560 1212604 3509
561 1216113 4141
562 1220254 4357
563 1224611 6317
564 1230928 3784
565 1234712 741
566 1235453 4306
567 1239759 4110
568 1243869 566
569 1244435 1028
570 1245463 1613
571 1247076 3684
572 1250760 3618
573 1254378 4833
574 1259211 2727
575 1261938 2108
576 1264046 3160
577 1267206 831
578 1268037 7211
579 1275248 976
580 1276224 3177
581 1279401 2414
582 1281815 2703
583 1284518 3435
584 1287953 2579
585 1290532 4100
586 1294632 2071
587 1296703 1891
588 1298594 4465
589 1303059 1452
590 1304511 4454
591 1308965 3911
592 1312876 5710
593 1318586 6694
594 1325280 4560
595 1329840 1830
596 1331670 1299
597 1332969 2878
598 1335847 6473
599 1342320 2568
600 1344888 3477
601 1348365 2742
602 1351107 2306
603 1353413 10529
604 1363942 793
605 1364735 9145
606 1373880 6843
607 1380723 2234
608 1382957 2550
609 1385507 2420
610 1387927 2399
611 1390326 1376
612 1391702 1165
613 1392867 2975
614 1395842 10201
615 1406043 1306
616 1407349 3998
617 1411347 1154
618 1412501 486
619 1412987 10825
620 1423812 1865
621 1425677 3393
622 1429070 3372
623 1432442 3612
624 1436054 9722
625 1445776 2214
626 1447990 1141
627 1449131 810
628 1449941 1084
629 1451025 1862
630 1452887 8551
631 1461438 3485
632 1464923 6375
633 1471298 4844
634 1476142 5640
635 1481782 1736
636 1483518 5390
637 1488908 1721
638 1490629 1740
639 1492369 6832
640 1499201 2814
641 1502015 1526
642 1503541 2096
643 1505637 2610
644 1508247 2607
645 1510854 3810
646 1514664 106
647 1514770 753
648 1515523 5978
649 1521501 3354
650 1524855 8971
651 1533826 4043
652 1537869 2069
653 1539938 3450
654 1543388 7616
655 1551004 2660
656 1553664 2757
657 1556421 9688
658 1566109 19365
659 1585474 3136
660 1588610 2773
661 1591383 5396
662 1596779 2281
663 1599060 4287
664 1603347 6616
665 1609963 990
666 1610953 4909
667 1615862 8308
668 1624170 5375
669 1629545 6706
670 1636251 950
671 1637201 3815
672 1641016 2979
673 1643995 3614
674 1647609 2570
675 1650179 3730
676 1653909 4716
677 1658625 9660
678 1668285 9667
679 1677952 11559
680 1689511 2183
681 1691694 4826
682 1696520 3048
683 1699568 1678
684 1701246 5816
685 1707062 2061
686 1709123 1953
687 1711076 8422
688 1719498 8825
689 1728323 2788
690 1731111 4523
691 1735634 3178
692 1738812 1974
693 1740786 10679
694 1751465 6312
695 1757777 4913
696 1762690 5336
697 1768026 1350
698 1769376 1886
699 1771262 3635
700 1774897 226
701 1775123 3734
702 1778857 2563
703 1781420 7718
704 1789138 7035
705 1796173 6518
706 1802691 8832
707 1811523 3183
708 1814706 2843
709 1817549 1876
710 1819425 7093
711 1826518 3444
712 1829962 2683
713 1832645 1195
714 1833840 11669
715 1845509 10873
716 1856382 9934
717 1866316 6969
718 1873285 8969
719 1882254 2325
720 1884579 552
721 1885131 2807
722 1887938 655
723 1888593 6405
724 1894998 4332
725 1899330 2354
726 1901684 9225
727 1910909 6553
728 1917462 1594
729 1919056 7446
730 1926502 2765
731 1929267 7716
732 1936983 4507
733 1941490 2972
734 1944462 6342
735 1950804 9286
736 1960090 3006
737 1963096 4418
738 1967514 3930
739 1971444 1748
740 1973192 6550
741 1979742 5507
742 1985249 5266
743 1990515 8062
744 1998577 1870
745 2000447 2852
746 2003299 106
747 2003405 2050
748 2005455 1884
749 2007339 2676
750 2010015 3218
751 2013233 9569
752 2022802 3493
753 2026295 8409
754 2034704 2168
755 2036872 1757
756 2038629 1096
757 2039725 1509
758 2041234 1086
759 2042320 1399
760 2043719 5391
761 2049110 5023
762 2054133 2182
763 2056315 1769
764 2058084 4047
765 2062131 2350
766 2064481 2287
767 2066768 7701
768 2074469 1346
769 2075815 1505
770 2077320 4310
771 2081630 1294
772 2082924 1262
773 2084186 1439
774 2085625 1716
775 2087341 5214
776 2092555 2553
777 2095108 3212
778 2098320 10961
779 2109281 3859
780 2113140 9606
781 2122746 3815
782 2126561 1596
783 2128157 2143
784 2130300 7062
785 2137362 1894
786 2139256 7392
787 2146648 3416
788 2150064 1949
789 2152013 12917
790 2164930 5281
791 2170211 4706
792 2174917 1405
793 2176322 2503
794 2178825 2350
795 2181175 2182
796 2183357 3635
797 2186992 1409
798 2188401 11074
799 2199475 1198
800 2200673 700
801 2201373 4788
802 2206161 2069
803 2208230 1323
804 2209553 930
805 2210483 7441
806 2217924 3144
807 2221068 1923
808 2222991 2906
809 2225897 999
810 2226896 1349
811 2228245 1384
812 2229629 556
813 2230185 4000
814 2234185 4649
815 2238834 4986
816 2243820 3273
817 2247093 2239
818 2249332 888
819 2250220 814
820 2251034 1273
821 2252307 5713
822 2258020 1619
823 2259639 796
824 2260435 1713
825 2262148 13007
826 2275155 582
827 2275737 1870
828 2277607 2500
829 2280107 2351
830 2282458 2716
831 2285174 1678
832 2286852 650
833 2287502 2189
834 2289691 2225
835 2291916 2229
836 2294145 2352
837 2296497 2164
838 2298661 510
839 2299171 2457
840 2301628 1262
841 2302890 3130
842 2306020 1588
843 2307608 735
844 2308343 1073
845 2309416 106
846 2309522 1335
847 2310857 14627
848 2325484 1127
849 2326611 1348
850 2327959 5266
851 2333225 2533
852 2335758 3120
853 2338878 6905
854 2345783 6237
855 2352020 9235
856 2361255 11728
857 2372983 2104
858 2375087 6533
859 2381620 5848
860 2387468 10061
861 2397529 7739
862 2405268 220
863 2405488 256
864 2405744 281
865 2406025 208
866 2406233 242
867 2406475 220
868 2406695 265
869 2406960 6009
870 2412969 1254
871 2414223 4966
872 2419189 10013
873 2429202 5535
874 2434737 3068
875 2437805 2021
876 2439826 1985
877 2441811 2348
878 2444159 1851
879 2446010 1445
880 2447455 1525
881 2448980 1590
882 2450570 1664
883 2452234 3486
884 2455720 2576
885 2458296 15304
886 2473600 3332
887 2476932 7999
888 2484931 3705
889 2488636 3455
890 2492091 6181
891 2498272 2581
892 2500853 3715
893 2504568 2786
894 2507354 9392
895 2516746 1409
896 2518155 206
897 2518361 5002
898 2523363 1427
899 2524790 1723
900 2526513 2901
901 2529414 8194
902 2537608 7545
903 2545153 3516
904 2548669 9776
905 2558445 1670
906 2560115 977
907 2561092 1680
908 2562772 4158
909 2566930 3787
910 2570717 1050
911 2571767 15118
912 2586885 6535
913 2593420 3512
914 2596932 3523
915 2600455 1241
916 2601696 4818
917 2606514 787
918 2607301 524
919 2607825 7816
920 2615641 2884
921 2618525 3654
922 2622179 2760
923 2624939 1238
924 2626177 1018
925 2627195 2170
926 2629365 275
927 2629640 11888
928 2641528 5382
929 2646910 5925
930 2652835 1791
931 2654626 1075
932 2655701 22696
933 2678397 1532
934 2679929 6646
935 2686575 6439
936 2693014 9603
937 2702617 1655
938 2704272 3801
939 2708073 2125
940 2710198 106
941 2710304 1319
942 2711623 1097
943 2712720 9099
944 2721819 11288
945 2733107 9273
946 2742380 16028
947 2758408 8775
948 2767183 8467
949 2775650 7402
950 2783052 11313
951 2794365 19526
952 2813891 13576
953 2827467 5504
954 2832971 512
955 2833483 852
956 2834335 3216
957 2837551 7362
958 2844913 559
959 2845472 1557
960 2847029 3479
961 2850508 2123
962 2852631 9189
963 2861820 8043
964 2869863 8586
965 2878449 4711
966 2883160 2709
967 2885869 4103
968 2889972 5100
969 2895072 7172
970 2902244 3427
971 2905671 2854
972 2908525 699
973 2909224 1072
974 2910296 1660
975 2911956 6698
976 2918654 1368
977 2920022 11471
978 2931493 6368
979 2937861 4459
980 2942320 25826
981 2968146 3770
982 2971916 5163
983 2977079 8426
984 2985505 9793
985 2995298 4653
986 2999951 6393
987 3006344 9619
988 3015963 12867
989 3028830 4712
990 3033542 10980
991 3044522 6294
992 3050816 5131
993 3055947 1777
994 3057724 3836
995 3061560 4787
996 3066347 3730
997 3070077 10738
998 3080815 9936
999 3090751 6870
1000 3097621 6132
1001 3103753 6610
1002 3110363 5828
1003 3116191 4121
1004 3120312 3930
1005 3124242 3526
1006 3127768 3865
1007 3131633 3355
1008 3134988 12299
1009 3147287 12866
1010 3160153 4252
1011 3164405 2884
1012 3167289 5595
1013 3172884 15941
1014 3188825 4316
1015 3193141 740
1016 3193881 1225
1017 3195106 4433
1018 3199539 4407
1019 3203946 2112
1020 3206058 13061
1021 3219119 6730
1022 3225849 8857
1023 3234706 7770
1024 3242476 10721
1025 3253197 237
1026 3253434 7028
1027 3260462 8971
1028 3269433 2365
1029 3271798 8187
1030 3279985 8319
1031 3288304 3920
1032 3292224 5780
1033 3298004 10291
1034 3308295 2570
1035 3310865 13767
1036 3324632 4710
1037 3329342 552
1038 3329894 1556
1039 3331450 3111
1040 3334561 107
1041 3334668 2729
1042 3337397 1273
1043 3338670 1129
1044 3339799 884
1045 3340683 1004
1046 3341687 1019
1047 3342706 2383
1048 3345089 1767
1049 3346856 1176
1050 3348032 926
1051 3348958 1157
1052 3350115 1381
1053 3351496 1022
1054 3352518 1973
1055 3354491 2649
1056 3357140 1299
1057 3358439 2766
1058 3361205 2842
1059 3364047 3023
1060 3367070 1086
1061 3368156 3651
1062 3371807 2569
1063 3374376 4320
1064 3378696 3356
1065 3382052 5907
1066 3387959 3325
1067 3391284 946
1068 3392230 2353
1069 3394583 4653
1070 3399236 2338
1071 3401574 820
1072 3402394 5831
1073 3408225 1260
1074 3409485 6041
1075 3415526 900
1076 3416426 1644
1077 3418070 899
1078 3418969 3300
1079 3422269 6443
1080 3428712 852
1081 3429564 3446
1082 3433010 4063
1083 3437073 1273
1084 3438346 1107
1085 3439453 1828
1086 3441281 1561
1087 3442842 2523
1088 3445365 2522
1089 3447887 1774
1090 3449661 1405
1091 3451066 2936
1092 3454002 2463
1093 3456465 1594
1094 3458059 1887
1095 3459946 1107
1096 3461053 3390
1097 3464443 1984
1098 3466427 1955
1099 3468382 2250
1100 3470632 1980
1101 3472612 3150
1102 3475762 1820
1103 3477582 3223
1104 3480805 543
1105 3481348 1131
1106 3482479 836
1107 3483315 2594
1108 3485909 1083
1109 3486992 2306
1110 3489298 1888
1111 3491186 1450
1112 3492636 750
1113 3493386 1703
1114 3495089 2564
1115 3497653 1592
1116 3499245 2312
1117 3501557 2415
1118 3503972 2275
1119 3506247 1093
1120 3507340 2546
1121 3509886 1452
1122 3511338 4212
1123 3515550 2135
1124 3517685 1816
1125 3519501 4239
1126 3523740 563
1127 3524303 856
1128 3525159 2590
1129 3527749 4265
1130 3532014 3584
1131 3535598 930
1132 3536528 3540
1133 3540068 1247
1134 3541315 2421
1135 3543736 2680
1136 3546416 107
1137 3546523 3189
1138 3549712 2137
1139 3551849 10220
1140 3562069 1153
1141 3563222 1369
1142 3564591 5208
1143 3569799 2559
1144 3572358 6681
1145 3579039 7852
1146 3586891 1444
1147 3588335 1798
1148 3590133 2272
1149 3592405 3440
1150 3595845 1984
1151 3597829 2128
1152 3599957 6075
1153 3606032 2102
1154 3608134 1483
1155 3609617 1133
1156 3610750 3204
1157 3613954 6341
1158 3620295 2010
1159 3622305 2418
1160 3624723 2635
1161 3627358 2639
1162 3629997 3629
1163 3633626 1439
1164 3635065 8522
1165 3643587 3936
1166 3647523 1506
1167 3649029 10472
1168 3659501 4126
1169 3663627 7229
1170 3670856 10062
1171 3680918 3386
1172 3684304 6522
1173 3690826 4399
1174 3695225 4688
1175 3699913 3020
1176 3702933 1347
1177 3704280 3100
1178 3707380 1983
1179 3709363 1696
1180 3711059 1742
1181 3712801 3380
1182 3716181 2091
1183 3718272 2156
1184 3720428 1010
1185 3721438 1920
1186 3723358 3984
1187 3727342 2225
1188 3729567 5425
1189 3734992 1771
1190 3736763 1923
1191 3738686 2571
1192 3741257 2221
1193 3743478 2406
1194 3745884 2213
1195 3748097 1820
1196 3749917 2410
1197 3752327 6045
1198 3758372 4981
1199 3763353 1655
1200 3765008 13702
1201 3778710 5399
1202 3784109 1003
1203 3785112 14532
1204 3799644 1881
1205 3801525 1632
1206 3803157 1122
1207 3804279 1544
1208 3805823 1791
1209 3807614 6105
1210 3813719 3015
1211 3816734 3105
1212 3819839 2413
1213 3822252 1981
1214 3824233 2877
1215 3827110 5430
1216 3832540 15419
1217 3847959 7266
1218 3855225 3382
1219 3858607 3261
1220 3861868 2567
1221 3864435 2987
1222 3867422 1369
1223 3868791 2324
1224 3871115 5300
1225 3876415 1638
1226 3878053 1323
1227 3879376 1731
1228 3881107 2017
1229 3883124 2091
1230 3885215 2630
1231 3887845 2055
1232 3889900 1522
1233 3891422 1516
1234 3892938 1421
1235 3894359 2517
1236 3896876 107
1237 3896983 5549
1238 3902532 1272
1239 3903804 1988
1240 3905792 2696
1241 3908488 2452
1242 3910940 1248
1243 3912188 1171
1244 3913359 6852
1245 3920211 3201
1246 3923412 2628
1247 3926040 5276
1248 3931316 1949
1249 3933265 2604
1250 3935869 4809
1251 3940678 4762
1252 3945440 4521
1253 3949961 3122
1254 3953083 7729
1255 3960812 5847
1256 3966659 3563
1257 3970222 3378
1258 3973600 2400
1259 3976000 3529
1260 3979529 2209
1261 3981738 2074
1262 3983812 9223
1263 3993035 5444
1264 3998479 7560
1265 4006039 5476
1266 4011515 4894
1267 4016409 8302
1268 4024711 11987
1269 4036698 6367
1270 4043065 1468
1271 4044533 1893
1272 4046426 1011
1273 4047437 5335
1274 4052772 2988
1275 4055760 706
1276 4056466 4226
1277 4060692 851
1278 4061543 3184
1279 4064727 769
1280 4065496 956
1281 4066452 4264
1282 4070716 3706
1283 4074422 1311
1284 4075733 1843
1285 4077576 1184
1286 4078760 1672
1287 4080432 914
1288 4081346 2534
1289 4083880 4420
1290 4088300 1146
1291 4089446 2278
1292 4091724 992
1293 4092716 2008
1294 4094724 929
1295 4095653 1229
1296 4096882 1519
1297 4098401 590
1298 4098991 4001
1299 4102992 1484
1300 4104476 4847
1301 4109323 2518
1302 4111841 2102
1303 4113943 2524
1304 4116467 2275
1305 4118742 3520
1306 4122262 1708
1307 4123970 1158
1308 4125128 2642
1309 4127770 2061
1310 4129831 1931
1311 4131762 4326
1312 4136088 14632
1313 4150720 2158
1314 4152878 6621
1315 4159499 13764
1316 4173263 9095
1317 4182358 3739
1318 4186097 4640
1319 4190737 3673
1320 4194410 5705
1321 4200115 1724
1322 4201839 9129
1323 4210968 4020
1324 4214988 1925
1325 4216913 9797
1326 4226710 6520
1327 4233230 2486
1328 4235716 4562
1329 4240278 7584
1330 4247862 2119
1331 4249981 3738
1332 4253719 4346
1333 4258065 1119
1334 4259184 2247
1335 4261431 107
1336 4261538 3762
1337 4265300 4275
1338 4269575 3632
1339 4273207 14632
1340 4287839 3079
1341 4290918 4847
1342 4295765 4130
1343 4299895 2648
1344 4302543 2751
1345 4305294 3597
1346 4308891 3495
1347 4312386 19822
1348 4332208 4025
1349 4336233 1279
1350 4337512 4199
1351 4341711 3701
1352 4345412 5374
1353 4350786 4346
1354 4355132 3820
1355 4358952 4398
1356 4363350 3095
1357 4366445 1715
1358 4368160 4330
1359 4372490 3762
1360 4376252 3204
1361 4379456 4023
1362 4383479 4185
1363 4387664 3569
1364 4391233 3669
1365 4394902 3831
1366 4398733 4030
1367 4402763 3497
1368 4406260 4336
1369 4410596 10537
1370 4421133 3789
1371 4424922 4745
1372 4429667 3529
1373 4433196 4047
1374 4437243 4802
1375 4442045 4211
1376 4446256 3977
1377 4450233 3504
1378 4453737 2871
1379 4456608 3116
1380 4459724 3158
1381 4462882 4087
1382 4466969 3293
1383 4470262 19382
1384 4489644 4380
1385 4494024 3433
1386 4497457 1579
1387 4499036 3479
1388 4502515 3541
1389 4506056 19567
1390 4525623 4699
1391 4530322 1536
1392 4531858 3439
1393 4535297 4874
1394 4540171 4172
1395 4544343 3368
1396 4547711 1252
1397 4548963 3479
1398 4552442 5471
1399 4557913 3801
1400 4561714 5091
1401 4566805 3197
1402 4570002 3315
1403 4573317 3664
1404 4576981 3756
1405 4580737 3506
1406 4584243 2762
1407 4587005 3264
1408 4590269 3672
1409 4593941 3221
1410 4597162 3576
1411 4600738 18965
1412 4619703 4542
1413 4624245 3807
1414 4628052 3647
1415 4631699 1620
1416 4633319 4355
1417 4637674 1264
1418 4638938 958
1419 4639896 2986
1420 4642882 4097
1421 4646979 3575
1422 4650554 2874
1423 4653428 3554
1424 4656982 2638
1425 4659620 1135
1426 4660755 4248
1427 4665003 19840
1428 4684843 3853
1429 4688696 4848
1430 4693544 3355
1431 4696899 4841
1432 4701740 3341
1433 4705081 3301
1434 4708382 3673
1435 4712055 107
1436 4712162 8245
1437 4720407 3741
1438 4724148 5046
1439 4729194 3526
1440 4732720 1914
1441 4734634 1017
1442 4735651 1436
1443 4737087 1195
1444 4738282 2124
1445 4740406 1324
1446 4741730 1763
1447 4743493 1833
1448 4745326 2207
1449 4747533 1829
1450 4749362 7692
1451 4757054 18380
1452 4775434 3904
1453 4779338 4436
1454 4783774 3371
1455 4787145 3574
1456 4790719 10538
1457 4801257 4090
1458 4805347 1244
1459 4806591 919
1460 4807510 1531
1461 4809041 992
1462 4810033 2000
1463 4812033 4489
1464 4816522 1657
1465 4818179 6269
1466 4824448 7725
1467 4832173 2020
1468 4834193 4030
1469 4838223 2700
1470 4840923 4798
1471 4845721 8875
1472 4854596 5004
1473 4859600 8002
1474 4867602 4812
1475 4872414 10066
1476 4882480 2239
1477 4884719 1644
1478 4886363 2464
1479 4888827 2922
1480 4891749 2610
1481 4894359 13329
1482 4907688 2517
1483 4910205 3114
1484 4913319 10188
1485 4923507 4748
1486 4928255 7028
1487 4935283 3688
1488 4938971 3455
1489 4942426 2875
1490 4945301 5906
1491 4951207 3112
1492 4954319 5887
1493 4960206 4801
1494 4965007 13763
1495 4978770 3859
1496 4982629 2998
1497 4985627 1652
1498 4987279 8137
1499 4995416 5720
1500 5001136 12531
1501 5013667 3844
1502 5017511 2233
1503 5019744 5496
1504 5025240 5878
1505 5031118 7956
1506 5039074 10171
1507 5049245 3631
1508 5052876 3417
1509 5056293 2213
1510 5058506 413
1511 5058919 3812
1512 5062731 1512
1513 5064243 7407
1514 5071650 1049
1515 5072699 973
1516 5073672 1706
1517 5075378 3307
1518 5078685 1854
1519 5080539 4090
1520 5084629 4056
1521 5088685 1426
1522 5090111 4949
1523 5095060 2631
1524 5097691 1782
1525 5099473 2005
1526 5101478 1514
1527 5102992 107
1528 5103099 1585
1529 5104684 2584
1530 5107268 2031
1531 5109299 3776
1532 5113075 966
1533 5114041 1231
1534 5115272 1950
1535 5117222 1462
1536 5118684 3835
1537 5122519 5742
1538 5128261 2264
1539 5130525 2926
1540 5133451 1528
1541 5134979 5774
1542 5140753 2682
1543 5143435 1311
1544 5144746 1289
1545 5146035 1358
1546 5147393 7979
1547 5155372 1736
1548 5157108 2854
1549 5159962 1266
1550 5161228 1454
1551 5162682 5148
1552 5167830 3065
1553 5170895 1320
1554 5172215 2812
1555 5175027 1467
1556 5176494 953
1557 5177447 2799
1558 5180246 1518
1559 5181764 931
1560 5182695 3024
1561 5185719 1246
1562 5186965 8803
1563 5195768 2632
1564 5198400 1648
1565 5200048 2258
1566 5202306 2014
1567 5204320 6277
1568 5210597 2102
1569 5212699 1590
1570 5214289 3171
1571 5217460 4083
1572 5221543 2707
1573 5224250 2906
1574 5227156 1060
1575 5228216 1442
1576 5229658 5529
1577 5235187 1670
1578 5236857 3642
1579 5240499 2104
1580 5242603 5832
1581 5248435 6804
1582 5255239 1244
1583 5256483 1543
1584 5258026 380
1585 5258406 2222
1586 5260628 1765
1587 5262393 2969
1588 5265362 1243
1589 5266605 1983
1590 5268588 945
1591 5269533 1891
1592 5271424 2990
1593 5274414 6909
1594 5281323 2684
1595 5284007 1586
1596 5285593 1791
1597 5287384 1728
1598 5289112 983
1599 5290095 8982
1600 5299077 5633
1601 5304710 5691
1602 5310401 5508
1603 5315909 6765
1604 5322674 2096
1605 5324770 19479
1606 5344249 7703
1607 5351952 1842
1608 5353794 1260
1609 5355054 3058
1610 5358112 1880
1611 5359992 2715
1612 5362707 4197
1613 5366904 1435
1614 5368339 617
1615 5368956 6594
1616 5375550 2438
1617 5377988 1851
1618 5379839 3369
1619 5383208 1911
1620 5385119 13781
1621 5398900 564
1622 5399464 1662
1623 5401126 3053
1624 5404179 2390
1625 5406569 2854
1626 5409423 18396
1627 5427819 107
1628 5427926 2031
1629 5429957 3247
1630 5433204 2892
1631 5436096 7608
1632 5443704 441
1633 5444145 543
1634 5444688 11291
1635 5455979 4522
1636 5460501 3707
1637 5464208 9057
1638 5473265 3438
1639 5476703 2082
1640 5478785 2032
1641 5480817 7162
1642 5487979 6495
1643 5494474 3721
1644 5498195 2277
1645 5500472 15000
1646 5515472 6445
1647 5521917 1359
1648 5523276 2006
1649 5525282 2968
1650 5528250 2615
1651 5530865 2167
1652 5533032 1619
1653 5534651 771
1654 5535422 1421
1655 5536843 765
1656 5537608 417
1657 5538025 4018
1658 5542043 3955
1659 5545998 3093
1660 5549091 4195
1661 5553286 7638
1662 5560924 5468
1663 5566392 1386
1664 5567778 1203
1665 5568981 959
1666 5569940 1889
1667 5571829 2450
1668 5574279 5527
1669 5579806 2541
1670 5582347 8131
1671 5590478 2501
1672 5592979 946
1673 5593925 877
1674 5594802 1673
1675 5596475 2269
1676 5598744 7317
1677 5606061 1671
1678 5607732 4799
1679 5612531 2487
1680 5615018 3668
1681 5618686 2723
1682 5621409 6999
1683 5628408 2334
1684 5630742 3053
1685 5633795 4635
1686 5638430 2553
1687 5640983 2915
1688 5643898 1936
1689 5645834 1305
1690 5647139 4768
1691 5651907 1665
1692 5653572 1034
1693 5654606 1633
1694 5656239 1831
1695 5658070 4640
1696 5662710 1704
1697 5664414 2716
1698 5667130 9380
1699 5676510 1908
1700 5678418 2665
1701 5681083 3582
1702 5684665 6189
1703 5690854 3400
1704 5694254 2987
1705 5697241 7913
1706 5705154 1765
1707 5706919 2232
1708 5709151 1678
1709 5710829 994
1710 5711823 2419
1711 5714242 1710
1712 5715952 1812
1713 5717764 15110
1714 5732874 7418
1715 5740292 3174
1716 5743466 1706
1717 5745172 1442
1718 5746614 7719
1719 5754333 2023
1720 5756356 2145
1721 5758501 1815
1722 5760316 1717
1723 5762033 2108
1724 5764141 1188
1725 5765329 107
1726 5765436 3108
1727 5768544 1209
1728 5769753 614
1729 5770367 1600
1730 5771967 1671
1731 5773638 1597
1732 5775235 8851
1733 5784086 7814
1734 5791900 4466
1735 5796366 2957
1736 5799323 640
1737 5799963 7722
1738 5807685 4080
1739 5811765 12587
1740 5824352 4961
1741 5829313 2560
1742 5831873 3936
1743 5835809 16240
1744 5852049 6346
1745 5858395 2657
1746 5861052 336
1747 5861388 2386
1748 5863774 3893
1749 5867667 2855
1750 5870522 13598
1751 5884120 1946
1752 5886066 2817
1753 5888883 1968
1754 5890851 1886
1755 5892737 3508
1756 5896245 2253
1757 5898498 3095
1758 5901593 2028
1759 5903621 1866
1760 5905487 2228
1761 5907715 2974
1762 5910689 2894
1763 5913583 1967
1764 5915550 2641
1765 5918191 3358
1766 5921549 2205
1767 5923754 1948
1768 5925702 1811
1769 5927513 2123
1770 5929636 4539
1771 5934175 3935
1772 5938110 3837
1773 5941947 3044
1774 5944991 2489
1775 5947480 2604
1776 5950084 2369
1777 5952453 2410
1778 5954863 351
1779 5955214 5902
1780 5961116 9991
1781 5971107 2845
1782 5973952 997
1783 5974949 4461
1784 5979410 7209
1785 5986619 336
1786 5986955 3236
1787 5990191 2709
1788 5992900 2416
1789 5995316 2635
1790 5997951 3606
1791 6001557 4391
1792 6005948 2648
1793 6008596 5029
1794 6013625 2787
1795 6016412 8265
1796 6024677 2790
1797 6027467 6325
1798 6033792 2484
1799 6036276 1257
1800 6037533 17878
1801 6055411 9911
1802 6065322 2998
1803 6068320 3281
1804 6071601 5925
1805 6077526 3520
1806 6081046 1979
1807 6083025 3117
1808 6086142 4532
1809 6090674 4413
1810 6095087 3757
1811 6098844 3029
1812 6101873 24613
1813 6126486 11370
1814 6137856 16362
1815 6154218 30765
1816 6184983 3823
1817 6188806 107
1818 6188913 1028
1819 6189941 5465
1820 6195406 1997
1821 6197403 1527
1822 6198930 1882
1823 6200812 1196
1824 6202008 1203
1825 6203211 6984
1826 6210195 3782
1827 6213977 1048
1828 6215025 2498
1829 6217523 2257
1830 6219780 3248
1831 6223028 2613
1832 6225641 30068
1833 6255709 1122
1834 6256831 1772
1835 6258603 5135
1836 6263738 1276
1837 6265014 1676
1838 6266690 1757
1839 6268447 2436
1840 6270883 1704
1841 6272587 1608
1842 6274195 2665
1843 6276860 3248
1844 6280108 4690
1845 6284798 1810
1846 6286608 981
1847 6287589 1520
1848 6289109 2080
1849 6291189 1554
1850 6292743 1826
1851 6294569 1314
1852 6295883 1933
1853 6297816 1649
1854 6299465 886
1855 6300351 2744
1856 6303095 1901
1857 6304996 6181
1858 6311177 2755
1859 6313932 1430
1860 6315362 1232
1861 6316594 2714
1862 6319308 1483
1863 6320791 2343
1864 6323134 1494
1865 6324628 1366
1866 6325994 2218
1867 6328212 1547
1868 6329759 1742
1869 6331501 5246
1870 6336747 2614
1871 6339361 5636
1872 6344997 1702
1873 6346699 1324
1874 6348023 2997
1875 6351020 1629
1876 6352649 2817
1877 6355466 888
1878 6356354 1635
1879 6357989 4023
1880 6362012 3264
1881 6365276 3013
1882 6368289 3385
1883 6371674 2740
1884 6374414 1435
1885 6375849 1398
1886 6377247 912
1887 6378159 2193
1888 6380352 1655
1889 6382007 1118
1890 6383125 3352
1891 6386477 3229
1892 6389706 3806
1893 6393512 1782
1894 6395294 4900
1895 6400194 3892
1896 6404086 1795
1897 6405881 1813
1898 6407694 997
1899 6408691 1298
1900 6409989 1013
1901 6411002 1190
1902 6412192 5114
1903 6417306 2309
1904 6419615 1883
1905 6421498 1157
1906 6422655 1320
1907 6423975 1266
1908 6425241 4211
1909 6429452 1534
1910 6430986 2717
1911 6433703 2169
1912 6435872 1127
1913 6436999 1862
1914 6438861 5027
1915 6443888 2366
1916 6446254 107
1917 6446361 208
1918 6446569 229
1919 6446798 220
1920 6447018 193
1921 6447211 234
1922 6447445 233
1923 6447678 233
1924 6447911 232
1925 6448143 235
1926 6448378 226
1927 6448604 208
1928 6448812 191
1929 6449003 196
1930 6449199 218
1931 6449417 215
1932 6449632 237
1933 6449869 212
1934 6450081 193
1935 6450274 199
1936 6450473 214
1937 6450687 208
1938 6450895 228
1939 6451123 229
1940 6451352 233
1941 6451585 229
1942 6451814 193
1943 6452007 221
1944 6452228 235
1945 6452463 215
1946 6452678 233
1947 6452911 208
1948 6453119 227
1949 6453346 232
1950 6453578 229
1951 6453807 236
1952 6454043 212
1953 6454255 239
1954 6454494 231
1955 6454725 234
1956 6454959 235
1957 6455194 229
1958 6455423 227
1959 6455650 222
1960 6455872 214
1961 6456086 199
1962 6456285 234
1963 6456519 226
1964 6456745 202
1965 6456947 187
1966 6457134 107
1967 6457241 2454
1968 6459695 2079
1969 6461774 2549
1970 6464323 3475
1971 6467798 2501
1972 6470299 2556
1973 6472855 20305
1974 6493160 8436
1975 6501596 4409
1976 6506005 4513
1977 6510518 4182
1978 6514700 1572
1979 6516272 4524
1980 6520796 1402
1981 6522198 1220
1982 6523418 1518
1983 6524936 7466
1984 6532402 2218
1985 6534620 18065
1986 6552685 8918
1987 6561603 5715
1988 6567318 4063
1989 6571381 3600
1990 6574981 2092
1991 6577073 16412
1992 6593485 4499
1993 6597984 1192
1994 6599176 1966
1995 6601142 1392
1996 6602534 8215
1997 6610749 5211
1998 6615960 6883
1999 6622843 1968
2000 6624811 8244
2001 6633055 7601
2002 6640656 8545
2003 6649201 5017
2004 6654218 6784
2005 6661002 15131
2006 6676133 7581
2007 6683714 5121
2008 6688835 1409
2009 6690244 1610
2010 6691854 2192
2011 6694046 1386
2012 6695432 857
2013 6696289 6411
2014 6702700 2172
2015 6704872 8337
2016 6713209 4263
2017 6717472 1916
2018 6719388 5277
2019 6724665 5509
2020 6730174 9156
2021 6739330 4732
2022 6744062 9565
2023 6753627 3812
2024 6757439 1113
2025 6758552 1465
2026 6760017 9119
2027 6769136 336
2028 6769472 1768
2029 6771240 808
2030 6772048 1495
2031 6773543 12593
2032 6786136 8073
2033 6794209 4118
2034 6798327 5040
2035 6803367 4503
2036 6807870 8980
2037 6816850 2257
2038 6819107 5404
2039 6824511 2965
2040 6827476 3150
2041 6830626 1721
2042 6832347 8131
2043 6840478 3729
2044 6844207 14211
2045 6858418 3322
2046 6861740 3916
2047 6865656 4352
2048 6870008 11632
2049 6881640 969
2050 6882609 8043
2051 6890652 6305
2052 6896957 821
2053 6897778 5721
2054 6903499 15739
2055 6919238 955
2056 6920193 6104
2057 6926297 716
2058 6927013 5300
2059 6932313 8101
2060 6940414 1480
2061 6941894 4402
2062 6946296 740
2063 6947036 8952
2064 6955988 1399
2065 6957387 107
2066 6957494 9820
2067 6967314 1681
2068 6968995 770
2069 6969765 755
2070 6970520 2949
2071 6973469 1899
2072 6975368 2340
2073 6977708 3211
2074 6980919 2921
2075 6983840 2984
2076 6986824 3036
2077 6989860 2466
2078 6992326 2497
2079 6994823 2566
2080 6997389 882
2081 6998271 1624
2082 6999895 5858
2083 7005753 2606
2084 7008359 1316
2085 7009675 2073
2086 7011748 1608
2087 7013356 2926
2088 7016282 5831
2089 7022113 1223
2090 7023336 2850
2091 7026186 1872
2092 7028058 1265
2093 7029323 1149
2094 7030472 1806
2095 7032278 6020
2096 7038298 1830
2097 7040128 3468
2098 7043596 1623
2099 7045219 641
2100 7045860 2732
2101 7048592 927
2102 7049519 5789
2103 7055308 5239
2104 7060547 1641
2105 7062188 792
2106 7062980 821
2107 7063801 2513
2108 7066314 5828
2109 7072142 3767
2110 7075909 3743
2111 7079652 3701
2112 7083353 3796
2113 7087149 3850
2114 7090999 3878
2115 7094877 4082
2116 7098959 3899
2117 7102858 3824
2118 7106682 3848
2119 7110530 3866
2120 7114396 3785
2121 7118181 3824
2122 7122005 3842
2123 7125847 3838
2124 7129685 3885
2125 7133570 3724
2126 7137294 657
2127 7137951 5848
2128 7143799 713
2129 7144512 2833
2130 7147345 2896
2131 7150241 1121
2132 7151362 1304
2133 7152666 7609
2134 7160275 1513
2135 7161788 2325
2136 7164113 2125
2137 7166238 1486
2138 7167724 1012
2139 7168736 1731
2140 7170467 2651
2141 7173118 1938
2142 7175056 17069
2143 7192125 1575
2144 7193700 4876
2145 7198576 2137
2146 7200713 2848
2147 7203561 6308
2148 7209869 562
2149 7210431 4062
2150 7214493 2070
2151 7216563 1241
2152 7217804 4687
2153 7222491 882
2154 7223373 2146
2155 7225519 1924
2156 7227443 4211
2157 7231654 4724
2158 7236378 9266
2159 7245644 4159
2160 7249803 2735
2161 7252538 873
2162 7253411 838
2163 7254249 937
2164 7255186 1081
2165 7256267 107
2166 7256374 3716
2167 7260090 6382
2168 7266472 1513
2169 7267985 2710
2170 7270695 2119
2171 7272814 3134
2172 7275948 1628
2173 7277576 8540
2174 7286116 3529
2175 7289645 3416
2176 7293061 1391
2177 7294452 7941
2178 7302393 8225
2179 7310618 8662
2180 7319280 5711
2181 7324991 7444
2182 7332435 7107
2183 7339542 5516
2184 7345058 1820
2185 7346878 6449
2186 7353327 9061
2187 7362388 3889
2188 7366277 4618
2189 7370895 2752
2190 7373647 2422
2191 7376069 3886
2192 7379955 4834
2193 7384789 4287
2194 7389076 3272
2195 7392348 7077
2196 7399425 8600
2197 7408025 8513
2198 7416538 2821
2199 7419359 670
2200 7420029 4214
2201 7424243 8160
2202 7432403 8361
2203 7440764 5432
2204 7446196 2437
2205 7448633 7622
2206 7456255 6666
2207 7462921 3486
2208 7466407 2923
2209 7469330 1083
2210 7470413 3077
2211 7473490 10624
2212 7484114 7587
2213 7491701 7640
2214 7499341 1064
2215 7500405 2992
2216 7503397 1817
2217 7505214 8051
2218 7513265 6965
2219 7520230 4085
2220 7524315 1055
2221 7525370 9603
2222 7534973 9654
2223 7544627 2729
2224 7547356 3817
2225 7551173 5714
2226 7556887 14806
2227 7571693 3068
2228 7574761 4479
2229 7579240 7915
2230 7587155 6522
2231 7593677 2530
2232 7596207 3889
2233 7600096 3824
2234 7603920 1882
2235 7605802 3409
2236 7609211 5101
2237 7614312 2263
2238 7616575 1129
2239 7617704 1386
2240 7619090 4018
2241 7623108 1013
2242 7624121 3509
2243 7627630 3323
2244 7630953 3698
2245 7634651 3299
2246 7637950 2487
2247 7640437 1009
2248 7641446 1284
2249 7642730 8089
2250 7650819 7035
2251 7657854 4506
2252 7662360 7320
2253 7669680 1018
2254 7670698 3352
2255 7674050 9093
2256 7683143 2170
2257 7685313 6318
2258 7691631 6309
2259 7697940 1165
2260 7699105 853
2261 7699958 6823
2262 7706781 3604
2263 7710385 2703
2264 7713088 1046
2265 7714134 107
2266 7714241 6568
2267 7720809 4745
2268 7725554 4263
2269 7729817 3631
2270 7733448 3078
2271 7736526 4129
2272 7740655 8673
2273 7749328 4064
2274 7753392 7560
2275 7760952 38596
2276 7799548 5468
2277 7805016 17900
2278 7822916 5319
2279 7828235 2797
2280 7831032 10569
2281 7841601 3811
2282 7845412 4756
2283 7850168 5436
2284 7855604 4854
2285 7860458 5274
2286 7865732 6754
2287 7872486 6513
2288 7878999 4707
2289 7883706 4178
2290 7887884 8981
2291 7896865 8433
2292 7905298 5511
2293 7910809 4300
2294 7915109 7472
2295 7922581 7933
2296 7930514 5676
2297 7936190 5386
2298 7941576 4493
2299 7946069 4988
2300 7951057 4346
2301 7955403 4398
2302 7959801 5374
2303 7965175 1285
2304 7966460 4037
2305 7970497 19900
2306 7990397 3737
2307 7994134 6361
2308 8000495 4706
2309 8005201 2842
2310 8008043 3509
2311 8011552 3942
2312 8015494 3496
2313 8018990 4305
2314 8023295 11944
2315 8035239 4272
2316 8039511 8247
2317 8047758 7891
2318 8055649 8031
2319 8063680 7338
2320 8071018 1657
2321 8072675 5280
2322 8077955 16477
2323 8094432 4636
2324 8099068 9477
2325 8108545 5337
2326 8113882 4225
2327 8118107 4814
2328 8122921 4059
2329 8126980 10537
2330 8137517 5583
2331 8143100 4141
2332 8147241 3191
2333 8150432 3774
2334 8154206 3949
2335 8158155 3341
2336 8161496 3446
2337 8164942 18459
2338 8183401 4836
2339 8188237 5392
2340 8193629 3427
2341 8197056 11503
2342 8208559 7905
2343 8216464 19567
2344 8236031 5483
2345 8241514 1258
2346 8242772 2155
2347 8244927 2899
2348 8247826 3694
2349 8251520 19382
2350 8270902 19805
2351 8290707 4380
2352 8295087 4326
2353 8299413 3550
2354 8302963 12593
2355 8315556 6813
2356 8322369 25815
2357 8348184 11256
2358 8359440 7123
2359 8366563 1579
2360 8368142 5976
2361 8374118 6380
2362 8380498 23619
2363 8404117 1595
2364 8405712 2838
2365 8408550 107
2366 8408657 240
2367 8408897 2840
2368 8411737 967
2369 8412704 1144
2370 8413848 15597
2371 8429445 6452
2372 8435897 13983
2373 8449880 756
2374 8450636 2789
2375 8453425 2071
2376 8455496 2628
2377 8458124 2804
2378 8460928 1797
2379 8462725 20083
2380 8482808 9058
2381 8491866 3591
2382 8495457 3573
2383 8499030 3414
2384 8502444 2122
2385 8504566 3381
2386 8507947 449
2387 8508396 2928
2388 8511324 13949
2389 8525273 1826
2390 8527099 4127
2391 8531226 2779
2392 8534005 2988
2393 8536993 948
2394 8537941 20169
2395 8558110 3865
2396 8561975 249
2397 8562224 28655
2398 8590879 4233
2399 8595112 7420
2400 8602532 9350
2401 8611882 30331
2402 8642213 19702
2403 8661915 969
2404 8662884 635
2405 8663519 2343
2406 8665862 1633
2407 8667495 4984
2408 8672479 3334
2409 8675813 4067
2410 8679880 2519
2411 8682399 4610
2412 8687009 1163
2413 8688172 2022
2414 8690194 440
2415 8690634 9938
2416 8700572 2319
2417 8702891 30471
2418 8733362 3561
2419 8736923 950
2420 8737873 2604
2421 8740477 3142
2422 8743619 349
2423 8743968 7233
2424 8751201 19050
2425 8770251 5721
2426 8775972 1321
2427 8777293 2198
2428 8779491 2366
2429 8781857 2627
2430 8784484 1263
2431 8785747 9018
2432 8794765 3666
2433 8798431 2164
2434 8800595 2377
2435 8802972 22114
2436 8825086 871
2437 8825957 414
2438 8826371 1170
2439 8827541 3863
2440 8831404 1154
2441 8832558 3557
2442 8836115 3269
2443 8839384 1596
2444 8840980 1365
2445 8842345 2035
2446 8844380 1332
2447 8845712 3914
2448 8849626 571
2449 8850197 6489
2450 8856686 2593
2451 8859279 3691
2452 8862970 839
2453 8863809 1290
2454 8865099 2436
2455 8867535 708
2456 8868243 807
2457 8869050 5036
2458 8874086 107
2459 8874193 192
2460 8874385 220
2461 8874605 192
2462 8874797 637
2463 8875434 671
2464 8876105 644
2465 8876749 689
2466 8877438 671
2467 8878109 647
2468 8878756 205
2469 8878961 617
2470 8879578 640
2471 8880218 703
2472 8880921 246
2473 8881167 192
2474 8881359 674
2475 8882033 186
2476 8882219 684
2477 8882903 654
2478 8883557 649
2479 8884206 652
2480 8884858 652
2481 8885510 652
2482 8886162 649
2483 8886811 643
2484 8887454 654
2485 8888108 658
2486 8888766 207
2487 8888973 670
2488 8889643 653
2489 8890296 640
2490 8890936 195
2491 8891131 646
2492 8891777 235
2493 8892012 699
2494 8892711 236
2495 8892947 642
2496 8893589 385
2497 8893974 207
2498 8894181 687
2499 8894868 672
2500 8895540 588
2501 8896128 655
2502 8896783 698
2503 8897481 651
2504 8898132 683
2505 8898815 668
2506 8899483 656
2507 8900139 676
2508 8900815 669
2509 8901484 679
2510 8902163 673
2511 8902836 232
2512 8903068 652
2513 8903720 650
2514 8904370 671
2515 8905041 692
2516 8905733 649
2517 8906382 645
2518 8907027 236
2519 8907263 226
2520 8907489 670
2521 8908159 655
2522 8908814 241
2523 8909055 194
2524 8909249 688
2525 8909937 194
2526 8910131 212
2527 8910343 205
2528 8910548 674
2529 8911222 687
2530 8911909 683
2531 8912592 650
2532 8913242 237
2533 8913479 223
2534 8913702 309
2535 8914011 326
2536 8914337 206
2537 8914543 670
2538 8915213 653
2539 8915866 232
2540 8916098 303
2541 8916401 325
2542 8916726 681
2543 8917407 194
2544 8917601 283
2545 8917884 214
2546 8918098 257
2547 8918355 675
2548 8919030 697
2549 8919727 649
2550 8920376 655
2551 8921031 650
2552 8921681 654
2553 8922335 203
2554 8922538 234
2555 8922772 216
2556 8922988 673
2557 8923661 652
2558 8924313 226
2559 8924539 670
2560 8925209 208
2561 8925417 212
2562 8925629 645
2563 8926274 661
2564 8926935 694
2565 8927629 674
2566 8928303 684
2567 8928987 661
2568 8929648 688
2569 8930336 676
2570 8931012 674
2571 8931686 676
2572 8932362 670
2573 8933032 650
2574 8933682 220
2575 8933902 647
2576 8934549 636
2577 8935185 640
2578 8935825 643
2579 8936468 651
2580 8937119 659
2581 8937778 651
2582 8938429 674
2583 8939103 207
2584 8939310 616
2585 8939926 214
2586 8940140 657
2587 8940797 639
2588 8941436 653
2589 8942089 674
2590 8942763 651
2591 8943414 653
2592 8944067 650
2593 8944717 236
2594 8944953 650
2595 8945603 681
2596 8946284 192
2597 8946476 659
2598 8947135 674
2599 8947809 682
2600 8948491 682
2601 8949173 193
2602 8949366 640
2603 8950006 231
2604 8950237 205
2605 8950442 211
2606 8950653 205
2607 8950858 633
2608 8951491 644
2609 8952135 651
2610 8952786 659
2611 8953445 652
2612 8954097 655
2613 8954752 206
2614 8954958 616
2615 8955574 674
2616 8956248 193
2617 8956441 643
2618 8957084 208
2619 8957292 654
2620 8957946 640
2621 8958586 674
2622 8959260 236
2623 8959496 647
2624 8960143 204
2625 8960347 657
2626 8961004 674
2627 8961678 231
2628 8961909 205
2629 8962114 186
2630 8962300 205
2631 8962505 634
2632 8963139 644
2633 8963783 652
2634 8964435 661
2635 8965096 653
2636 8965749 650
2637 8966399 206
2638 8966605 618
2639 8967223 672
2640 8967895 229
2641 8968124 656
2642 8968780 638
2643 8969418 674
2644 8970092 298
2645 8970390 648
2646 8971038 193
2647 8971231 657
2648 8971888 233
2649 8972121 722
2650 8972843 186
2651 8973029 659
2652 8973688 673
2653 8974361 208
2654 8974569 226
2655 8974795 208
2656 8975003 220
2657 8975223 208
2658 8975431 202
2659 8975633 208
2660 8975841 205
2661 8976046 220
2662 8976266 214
2663 8976480 635
2664 8977115 205
2665 8977320 615
2666 8977935 235
2667 8978170 651
2668 8978821 651
2669 8979472 637
2670 8980109 645
2671 8980754 652
2672 8981406 659
2673 8982065 652
2674 8982717 648
2675 8983365 203
2676 8983568 655
2677 8984223 640
2678 8984863 673
2679 8985536 673
2680 8986209 235
2681 8986444 645
2682 8987089 645
2683 8987734 213
2684 8987947 207
2685 8988154 187
2686 8988341 661
2687 8989002 673
2688 8989675 214
2689 8989889 186
2690 8990075 205
2691 8990280 230
2692 8990510 648
2693 8991158 661
2694 8991819 652
2695 8992471 199
2696 8992670 673
2697 8993343 219
2698 8993562 655
2699 8994217 636
2700 8994853 245
2701 8995098 226
2702 8995324 653
2703 8995977 193
2704 8996170 661
2705 8996831 191
2706 8997022 643
2707 8997665 212
2708 8997877 198
2709 8998075 180
2710 8998255 646
2711 8998901 663
2712 8999564 653
2713 9000217 650
2714 9000867 205
2715 9001072 707
2716 9001779 245
2717 9002024 225
2718 9002249 654
2719 9002903 640
2720 9003543 216
2721 9003759 207
2722 9003966 203
2723 9004169 696
2724 9004865 233
2725 9005098 688
2726 9005786 253
2727 9006039 207
2728 9006246 227
2729 9006473 661
2730 9007134 689
2731 9007823 664
2732 9008487 681
2733 9009168 676
2734 9009844 680
2735 9010524 668
2736 9011192 683
2737 9011875 677
2738 9012552 681
2739 9013233 679
2740 9013912 655
2741 9014567 232
2742 9014799 651
2743 9015450 648
2744 9016098 646
2745 9016744 662
2746 9017406 681
2747 9018087 193
2748 9018280 210
2749 9018490 641
2750 9019131 208
2751 9019339 662
2752 9020001 213
2753 9020214 655
2754 9020869 639
2755 9021508 676
2756 9022184 235
2757 9022419 193
2758 9022612 661
2759 9023273 254
2760 9023527 180
2761 9023707 244
2762 9023951 180
2763 9024131 645
2764 9024776 665
2765 9025441 654
2766 9026095 656
2767 9026751 205
2768 9026956 211
2769 9027167 219
2770 9027386 654
2771 9028040 272
2772 9028312 195
2773 9028507 198
2774 9028705 223
2775 9028928 193
2776 9029121 660
2777 9029781 240
2778 9030021 247
2779 9030268 631
2780 9030899 180
2781 9031079 207
2782 9031286 187
2783 9031473 217
2784 9031690 655
2785 9032345 654
2786 9032999 653
2787 9033652 647
2788 9034299 662
2789 9034961 652
2790 9035613 681
2791 9036294 207
2792 9036501 655
2793 9037156 638
2794 9037794 264
2795 9038058 704
2796 9038762 628
2797 9039390 216
2798 9039606 653
2799 9040259 257
2800 9040516 691
2801 9041207 235
2802 9041442 193
2803 9041635 662
2804 9042297 202
2805 9042499 204
2806 9042703 678
2807 9043381 675
2808 9044056 707
2809 9044763 687
2810 9045450 664
2811 9046114 666
2812 9046780 666
2813 9047446 678
2814 9048124 677
2815 9048801 706
2816 9049507 642
2817 9050149 648
2818 9050797 652
2819 9051449 646
2820 9052095 662
2821 9052757 650
2822 9053407 706
2823 9054113 206
2824 9054319 207
2825 9054526 656
2826 9055182 637
2827 9055819 256
2828 9056075 255
2829 9056330 212
2830 9056542 658
2831 9057200 670
2832 9057870 229
2833 9058099 232
2834 9058331 244
2835 9058575 238
2836 9058813 647
2837 9059460 659
2838 9060119 656
2839 9060775 668
2840 9061443 212
2841 9061655 664
2842 9062319 222
2843 9062541 654
2844 9063195 636
2845 9063831 222
2846 9064053 205
2847 9064258 283
2848 9064541 227
2849 9064768 675
2850 9065443 245
2851 9065688 676
2852 9066364 201
2853 9066565 659
2854 9067224 636
2855 9067860 215
2856 9068075 654
2857 9068729 252
2858 9068981 206
2859 9069187 641
2860 9069828 210
2861 9070038 216
2862 9070254 204
2863 9070458 249
2864 9070707 652
2865 9071359 711
2866 9072070 656
2867 9072726 672
2868 9073398 686
2869 9074084 672
2870 9074756 655
2871 9075411 674
2872 9076085 678
2873 9076763 663
2874 9077426 676
2875 9078102 673
2876 9078775 107
2877 9078882 3290
2878 9082172 1229
2879 9083401 1805
2880 9085206 4582
2881 9089788 1108
2882 9090896 4249
2883 9095145 1852
2884 9096997 2174
2885 9099171 238
2886 9099409 4984
2887 9104393 2658
2888 9107051 2628
2889 9109679 388
2890 9110067 1554
2891 9111621 1527
2892 9113148 2216
2893 9115364 1520
2894 9116884 1108
2895 9117992 2694
2896 9120686 1042
2897 9121728 356
2898 9122084 4604
2899 9126688 1311
2900 9127999 920
2901 9128919 3945
2902 9132864 1367
2903 9134231 3155
2904 9137386 2650
2905 9140036 563
2906 9140599 1316
2907 9141915 1265
2908 9143180 2525
2909 9145705 1224
2910 9146929 8176
2911 9155105 617
2912 9155722 1362
2913 9157084 7442
2914 9164526 3895
2915 9168421 3742
2916 9172163 3494
2917 9175657 7036
2918 9182693 4949
2919 9187642 1687
2920 9189329 1621
2921 9190950 2064
2922 9193014 1369
2923 9194383 533
2924 9194916 1382
2925 9196298 2324
2926 9198622 4519
2927 9203141 1565
2928 9204706 11585
2929 9216291 2080
2930 9218371 843
2931 9219214 945
2932 9220159 1086
2933 9221245 1851
2934 9223096 742
2935 9223838 11598
2936 9235436 1809
2937 9237245 2991
2938 9240236 3772
2939 9244008 976
2940 9244984 2236
2941 9247220 1255
2942 9248475 4789
2943 9253264 337
2944 9253601 7082
2945 9260683 1069
2946 9261752 1808
2947 9263560 2593
2948 9266153 1511
2949 9267664 1272
2950 9268936 6706
2951 9275642 3566
2952 9279208 1033
2953 9280241 3561
2954 9283802 1679
2955 9285481 3022
2956 9288503 1346
2957 9289849 535
2958 9290384 802
2959 9291186 4863
2960 9296049 1260
2961 9297309 6473
2962 9303782 2718
2963 9306500 470
2964 9306970 547
2965 9307517 1513
2966 9309030 2152
2967 9311182 2822
2968 9314004 3202
2969 9317206 1402
2970 9318608 1560
2971 9320168 1162
2972 9321330 1477
2973 9322807 2376
2974 9325183 617
2975 9325800 107
2976 9325907 4246
2977 9330153 3247
2978 9333400 12879
2979 9346279 4596
2980 9350875 2393
2981 9353268 2449
2982 9355717 681
2983 9356398 1398
2984 9357796 10104
2985 9367900 21783
2986 9389683 893
2987 9390576 3535
2988 9394111 3856
2989 9397967 1444
2990 9399411 1089
2991 9400500 5781
2992 9406281 1234
2993 9407515 932
2994 9408447 10842
2995 9419289 1377
2996 9420666 17747
2997 9438413 9495
2998 9447908 2865
2999 9450773 3992
3000 9454765 1377
3001 9456142 4620
3002 9460762 5977
3003 9466739 1081
3004 9467820 899
3005 9468719 2323
3006 9471042 8187
3007 9479229 3276
3008 9482505 1863
3009 9484368 551
3010 9484919 1569
3011 9486488 2297
3012 9488785 3829
3013 9492614 5955
3014 9498569 1351
3015 9499920 3189
3016 9503109 1261
3017 9504370 1335
3018 9505705 1125
3019 9506830 5557
3020 9512387 951
3021 9513338 4385
3022 9517723 364
3023 9518087 8896
3024 9526983 3611
3025 9530594 1627
3026 9532221 1359
3027 9533580 6416
3028 9539996 4093
3029 9544089 1271
3030 9545360 2964
3031 9548324 2677
3032 9551001 1800
3033 9552801 4131
3034 9556932 12837
3035 9569769 1495
3036 9571264 4050
3037 9575314 3600
3038 9578914 1385
3039 9580299 1108
3040 9581407 3979
3041 9585386 6893
3042 9592279 1604
3043 9593883 1538
3044 9595421 1473
3045 9596894 2451
3046 9599345 2178
3047 9601523 1767
3048 9603290 1784
3049 9605074 1175
3050 9606249 1656
3051 9607905 825
3052 9608730 7041
3053 9615771 8148
3054 9623919 1497
3055 9625416 1103
3056 9626519 4687
3057 9631206 2442
3058 9633648 1185
3059 9634833 6454
3060 9641287 1790
3061 9643077 7571
3062 9650648 2185
3063 9652833 6408
3064 9659241 4011
3065 9663252 1411
3066 9664663 8351
3067 9673014 6912
3068 9679926 9547
3069 9689473 3660
3070 9693133 2243
3071 9695376 3409
3072 9698785 4746
3073 9703531 1699
3074 9705230 107
3075 9705337 1677
3076 9707014 2727
3077 9709741 2708
3078 9712449 540
3079 9712989 4176
3080 9717165 6098
3081 9723263 1764
3082 9725027 3619
3083 9728646 2481
3084 9731127 6049
3085 9737176 5806
3086 9742982 7792
3087 9750774 4965
3088 9755739 933
3089 9756672 1299
3090 9757971 2059
3091 9760030 4091
3092 9764121 3520
3093 9767641 632
3094 9768273 4085
3095 9772358 2936
3096 9775294 2879
3097 9778173 3531
3098 9781704 5638
3099 9787342 4673
3100 9792015 5120
3101 9797135 2733
3102 9799868 9194
3103 9809062 9432
3104 9818494 5574
3105 9824068 2049
3106 9826117 7381
3107 9833498 2020
3108 9835518 3514
3109 9839032 3760
3110 9842792 2634
3111 9845426 8392
3112 9853818 1334
3113 9855152 1910
3114 9857062 3114
3115 9860176 4586
3116 9864762 2051
3117 9866813 1227
3118 9868040 1247
3119 9869287 5315
3120 9874602 2809
3121 9877411 4042
3122 9881453 1164
3123 9882617 2050
3124 9884667 2172
3125 9886839 1365
3126 9888204 2920
3127 9891124 1612
3128 9892736 5324
3129 9898060 765
3130 9898825 560
3131 9899385 889
3132 9900274 700
3133 9900974 561
3134 9901535 599
3135 9902134 1369
3136 9903503 3552
3137 9907055 3767
3138 9910822 540
3139 9911362 2113
3140 9913475 1366
3141 9914841 3424
3142 9918265 6278
3143 9924543 3296
3144 9927839 5352
3145 9933191 3038
3146 9936229 3839
3147 9940068 3318
3148 9943386 3067
3149 9946453 2129
3150 9948582 1963
3151 9950545 3226
3152 9953771 3805
3153 9957576 239
3154 9957815 1970
3155 9959785 2200
3156 9961985 3837
3157 9965822 3650
3158 9969472 11180
3159 9980652 10103
3160 9990755 2079
3161 9992834 3852
3162 9996686 3476
3163 10000162 4246
3164 10004408 1545
3165 10005953 1486
3166 10007439 2381
3167 10009820 1978
3168 10011798 3130
3169 10014928 2789
3170 10017717 1947
3171 10019664 2416
3172 10022080 107
3173 10022187 5493
3174 10027680 3049
3175 10030729 2781
3176 10033510 3774
3177 10037284 2156
3178 10039440 4040
3179 10043480 13171
3180 10056651 2547
3181 10059198 1951
3182 10061149 3655
3183 10064804 3898
3184 10068702 3908
3185 10072610 1929
3186 10074539 5471
3187 10080010 6909
3188 10086919 2541
3189 10089460 4615
3190 10094075 7009
3191 10101084 1536
3192 10102620 2517
3193 10105137 2706
3194 10107843 847
3195 10108690 5394
3196 10114084 302
3197 10114386 871
3198 10115257 3610
3199 10118867 5959
3200 10124826 1271
3201 10126097 1418
3202 10127515 3720
3203 10131235 4616
3204 10135851 2420
3205 10138271 2236
3206 10140507 3810
3207 10144317 4094
3208 10148411 962
3209 10149373 2971
3210 10152344 1173
3211 10153517 1817
3212 10155334 2036
3213 10157370 3160
3214 10160530 7177
3215 10167707 8646
3216 10176353 4000
3217 10180353 4031
3218 10184384 4661
3219 10189045 3937
3220 10192982 4664
3221 10197646 1191
3222 10198837 4250
3223 10203087 2742
3224 10205829 1750
3225 10207579 1112
3226 10208691 4074
3227 10212765 3910
3228 10216675 2924
3229 10219599 1324
3230 10220923 3200
3231 10224123 7725
3232 10231848 19108
3233 10250956 2231
3234 10253187 3819
3235 10257006 1681
3236 10258687 4287
3237 10262974 5155
3238 10268129 8888
3239 10277017 3178
3240 10280195 13411
3241 10293606 3779
3242 10297385 219
3243 10297604 6409
3244 10304013 8745
3245 10312758 5802
3246 10318560 2201
3247 10320761 5009
3248 10325770 1248
3249 10327018 3898
3250 10330916 6399
3251 10337315 1699
3252 10339014 3474
3253 10342488 2840
3254 10345328 6327
3255 10351655 5430
3256 10357085 1841
3257 10358926 6789
3258 10365715 3708
3259 10369423 10469
3260 10379892 7015
3261 10386907 4597
3262 10391504 3559
3263 10395063 6487
3264 10401550 9673
3265 10411223 1627
3266 10412850 2812
3267 10415662 2435
3268 10418097 4594
3269 10422691 8748
3270 10431439 1620
3271 10433059 4850
3272 10437909 107
3273 10438016 11567
3274 10449583 2065
3275 10451648 3625
3276 10455273 5187
3277 10460460 5352
3278 10465812 5180
3279 10470992 6358
3280 10477350 1051
3281 10478401 7216
3282 10485617 2961
3283 10488578 9553
3284 10498131 4237
3285 10502368 6442
3286 10508810 2903
3287 10511713 1612
3288 10513325 2939
3289 10516264 3419
3290 10519683 1790
3291 10521473 5572
3292 10527045 9090
3293 10536135 205
3294 10536340 2311
3295 10538651 8438
3296 10547089 6816
3297 10553905 6478
3298 10560383 3707
3299 10564090 3400
3300 10567490 2906
3301 10570396 3432
3302 10573828 488
3303 10574316 2186
3304 10576502 3944
3305 10580446 3633
3306 10584079 2928
3307 10587007 3597
3308 10590604 2714
3309 10593318 6579
3310 10599897 9440
3311 10609337 8457
3312 10617794 10544
3313 10628338 9711
3314 10638049 10293
3315 10648342 7975
3316 10656317 5491
3317 10661808 6261
3318 10668069 7510
3319 10675579 3568
3320 10679147 4007
3321 10683154 2388
3322 10685542 1575
3323 10687117 1680
3324 10688797 3169
3325 10691966 3531
3326 10695497 7617
3327 10703114 6359
3328 10709473 5954
3329 10715427 3590
3330 10719017 4611
3331 10723628 3501
3332 10727129 11621
3333 10738750 5169
3334 10743919 6658
3335 10750577 4823
3336 10755400 1088
3337 10756488 4184
3338 10760672 3675
3339 10764347 3460
3340 10767807 4329
3341 10772136 4922
3342 10777058 4575
3343 10781633 8003
3344 10789636 2263
3345 10791899 5555
3346 10797454 4395
3347 10801849 6549
3348 10808398 4807
3349 10813205 2185
3350 10815390 2161
3351 10817551 1511
3352 10819062 3331
3353 10822393 4613
3354 10827006 4152
3355 10831158 6253
3356 10837411 8595
3357 10846006 1871
3358 10847877 5798
3359 10853675 7292
3360 10860967 1303
3361 10862270 3438
3362 10865708 4125
3363 10869833 1644
3364 10871477 7312
3365 10878789 2772
3366 10881561 10157
3367 10891718 4310
3368 10896028 5822
3369 10901850 832
3370 10902682 3774
3371 10906456 1993
3372 10908449 107
3373 10908556 7852
3374 10916408 5346
3375 10921754 11035
3376 10932789 1860
3377 10934649 7295
3378 10941944 3716
3379 10945660 7954
3380 10953614 506
3381 10954120 5241
3382 10959361 2522
3383 10961883 3109
3384 10964992 3907
3385 10968899 777
3386 10969676 899
3387 10970575 5700
3388 10976275 1512
3389 10977787 2166
3390 10979953 2646
3391 10982599 3694
3392 10986293 3298
3393 10989591 2114
3394 10991705 4854
3395 10996559 10170
3396 11006729 615
3397 11007344 3192
3398 11010536 3481
3399 11014017 5342
3400 11019359 3791
3401 11023150 6276
3402 11029426 9884
3403 11039310 2103
3404 11041413 1659
3405 11043072 3151
3406 11046223 5608
3407 11051831 3696
3408 11055527 2010
3409 11057537 4422
3410 11061959 1392
3411 11063351 9481
3412 11072832 4604
3413 11077436 2609
3414 11080045 3603
3415 11083648 1831
3416 11085479 1511
3417 11086990 1533
3418 11088523 4744
3419 11093267 2919
3420 11096186 8587
3421 11104773 7803
3422 11112576 5334
3423 11117910 3069
3424 11120979 7152
3425 11128131 1222
3426 11129353 2829
3427 11132182 2616
3428 11134798 1976
3429 11136774 2345
3430 11139119 552
3431 11139671 5909
3432 11145580 545
3433 11146125 2101
3434 11148226 6653
3435 11154879 5908
3436 11160787 2546
3437 11163333 3100
3438 11166433 8967
3439 11175400 3642
3440 11179042 3919
3441 11182961 3066
3442 11186027 8982
3443 11195009 4066
3444 11199075 3419
3445 11202494 3664
3446 11206158 1493
3447 11207651 4508
3448 11212159 1048
3449 11213207 1802
3450 11215009 5622
3451 11220631 2121
3452 11222752 1822
3453 11224574 15880
3454 11240454 5959
3455 11246413 2280
3456 11248693 2644
3457 11251337 5429
3458 11256766 3948
3459 11260714 13797
3460 11274511 3852
3461 11278363 1875
3462 11280238 3665
3463 11283903 6620
3464 11290523 2987
3465 11293510 591
3466 11294101 4716
3467 11298817 4582
3468 11303399 2736
3469 11306135 4769
3470 11310904 2184
3471 11313088 766
3472 11313854 107
3473 11313961 3614
3474 11317575 6891
3475 11324466 10213
3476 11334679 2209
3477 11336888 3706
3478 11340594 2367
3479 11342961 3739
3480 11346700 2978
3481 11349678 3805
3482 11353483 1653
3483 11355136 10170
3484 11365306 2175
3485 11367481 5018
3486 11372499 2451
3487 11374950 1545
3488 11376495 7989
3489 11384484 6826
3490 11391310 4484
3491 11395794 9649
3492 11405443 6444
3493 11411887 5769
3494 11417656 2909
3495 11420565 5714
3496 11426279 10482
3497 11436761 4347
3498 11441108 6197
3499 11447305 4671
3500 11451976 2308
3501 11454284 3463
3502 11457747 8938
3503 11466685 1839
3504 11468524 5774
3505 11474298 4081
3506 11478379 4086
3507 11482465 2644
3508 11485109 400
3509 11485509 1889
3510 11487398 7436
3511 11494834 4482
3512 11499316 2462
3513 11501778 1776
3514 11503554 3120
3515 11506674 3559
3516 11510233 2825
3517 11513058 5272
3518 11518330 1209
3519 11519539 1195
3520 11520734 3147
3521 11523881 7654
3522 11531535 7687
3523 11539222 1222
3524 11540444 6069
3525 11546513 1725
3526 11548238 2362
3527 11550600 4871
3528 11555471 1756
3529 11557227 3390
3530 11560617 1960
3531 11562577 1204
3532 11563781 2674
3533 11566455 703
3534 11567158 2833
3535 11569991 5243
3536 11575234 219
3537 11575453 1689
3538 11577142 2867
3539 11580009 4195
3540 11584204 1284
3541 11585488 1144
3542 11586632 1651
3543 11588283 1215
3544 11589498 1695
3545 11591193 857
3546 11592050 898
3547 11592948 3860
3548 11596808 863
3549 11597671 3147
3550 11600818 7878
3551 11608696 2580
3552 11611276 1539
3553 11612815 3194
3554 11616009 1191
3555 11617200 2732
3556 11619932 2384
3557 11622316 1379
3558 11623695 1062
3559 11624757 3705
3560 11628462 3105
3561 11631567 1497
3562 11633064 8386
3563 11641450 1496
3564 11642946 2089
3565 11645035 989
3566 11646024 1699
3567 11647723 1658
3568 11649381 947
3569 11650328 2460
3570 11652788 9679
3571 11662467 3992
3572 11666459 107
3573 11666566 1127
3574 11667693 2970
3575 11670663 4442
3576 11675105 9710
3577 11684815 2222
3578 11687037 3197
3579 11690234 2132
3580 11692366 2313
3581 11694679 27074
3582 11721753 1926
3583 11723679 1806
3584 11725485 5406
3585 11730891 5496
3586 11736387 2533
3587 11738920 3444
3588 11742364 4808
3589 11747172 3759
3590 11750931 3412
3591 11754343 15520
3592 11769863 4176
3593 11774039 3629
3594 11777668 10189
3595 11787857 1714
3596 11789571 1535
3597 11791106 5900
3598 11797006 10992
3599 11807998 5286
3600 11813284 3888
3601 11817172 2231
3602 11819403 1342
3603 11820745 700
3604 11821445 1566
3605 11823011 4685
3606 11827696 2771
3607 11830467 1987
3608 11832454 8827
3609 11841281 6307
3610 11847588 5227
3611 11852815 2008
3612 11854823 6510
3613 11861333 3004
3614 11864337 2974
3615 11867311 7546
3616 11874857 1732
3617 11876589 2152
3618 11878741 2627
3619 11881368 1734
3620 11883102 1636
3621 11884738 10953
3622 11895691 7650
3623 11903341 3416
3624 11906757 3073
3625 11909830 1935
3626 11911765 5610
3627 11917375 8221
3628 11925596 3243
3629 11928839 613
3630 11929452 3692
3631 11933144 5159
3632 11938303 6945
3633 11945248 957
3634 11946205 2399
3635 11948604 4404
3636 11953008 3588
3637 11956596 2941
3638 11959537 5662
3639 11965199 5124
3640 11970323 7390
3641 11977713 1160
3642 11978873 3975
3643 11982848 1383
3644 11984231 7383
3645 11991614 3329
3646 11994943 4418
3647 11999361 4912
3648 12004273 2381
3649 12006654 6115
3650 12012769 2315
3651 12015084 1744
3652 12016828 15348
3653 12032176 9333
3654 12041509 5429
3655 12046938 1407
3656 12048345 5732
3657 12054077 1429
3658 12055506 6600
3659 12062106 4669
3660 12066775 4645
3661 12071420 9804
3662 12081224 1767
3663 12082991 3513
3664 12086504 15742
3665 12102246 9633
3666 12111879 3945
3667 12115824 7932
3668 12123756 13815
3669 12137571 3833
3670 12141404 14127
3671 12155531 5435
3672 12160966 107
3673 12161073 3146
3674 12164219 6349
3675 12170568 1013
3676 12171581 6670
3677 12178251 967
3678 12179218 1177
3679 12180395 818
3680 12181213 6342
3681 12187555 2874
3682 12190429 5108
3683 12195537 9099
3684 12204636 7384
3685 12212020 1861
3686 12213881 5520
3687 12219401 3630
3688 12223031 1539
3689 12224570 671
3690 12225241 3314
3691 12228555 9200
3692 12237755 2909
3693 12240664 2247
3694 12242911 5744
3695 12248655 1330
3696 12249985 4442
3697 12254427 722
3698 12255149 2583
3699 12257732 1568
3700 12259300 2547
3701 12261847 4391
3702 12266238 2956
3703 12269194 5461
3704 12274655 5895
3705 12280550 4494
3706 12285044 2791
3707 12287835 2097
3708 12289932 1099
3709 12291031 837
3710 12291868 2668
3711 12294536 5812
3712 12300348 977
3713 12301325 1837
3714 12303162 1764
3715 12304926 7502
3716 12312428 1236
3717 12313664 2256
3718 12315920 2461
3719 12318381 1423
3720 12319804 612
3721 12320416 5033
3722 12325449 6151
3723 12331600 11653
3724 12343253 1247
3725 12344500 2372
3726 12346872 1059
3727 12347931 1294
3728 12349225 2212
3729 12351437 2850
3730 12354287 5216
3731 12359503 2470
3732 12361973 3052
3733 12365025 20109
3734 12385134 2878
3735 12388012 1642
3736 12389654 2276
3737 12391930 1793
3738 12393723 1490
3739 12395213 7380
3740 12402593 4632
3741 12407225 12620
3742 12419845 2442
3743 12422287 1852
3744 12424139 1475
3745 12425614 3138
3746 12428752 1408
3747 12430160 3910
3748 12434070 1133
3749 12435203 1160
3750 12436363 1366
3751 12437729 2415
3752 12440144 1989
3753 12442133 2390
3754 12444523 3495
3755 12448018 229
3756 12448247 1000
3757 12449247 7349
3758 12456596 5239
3759 12461835 6599
3760 12468434 4463
3761 12472897 3728
3762 12476625 2779
3763 12479404 30952
3764 12510356 3991
3765 12514347 5316
3766 12519663 2874
3767 12522537 1994
3768 12524531 4772
3769 12529303 1255
3770 12530558 2591
3771 12533149 107
3772 12533256 2579
3773 12535835 8609
3774 12544444 7432
3775 12551876 2446
3776 12554322 1490
3777 12555812 1670
3778 12557482 2703
3779 12560185 2611
3780 12562796 2282
3781 12565078 3093
3782 12568171 2099
3783 12570270 3017
3784 12573287 6985
3785 12580272 6391
3786 12586663 6923
3787 12593586 6802
3788 12600388 3974
3789 12604362 8155
3790 12612517 7816
3791 12620333 3146
3792 12623479 1829
3793 12625308 3013
3794 12628321 1645
3795 12629966 3055
3796 12633021 3466
3797 12636487 1890
3798 12638377 1557
3799 12639934 4801
3800 12644735 1774
3801 12646509 1548
3802 12648057 2494
3803 12650551 3645
3804 12654196 2093
3805 12656289 1488
3806 12657777 2841
3807 12660618 7847
3808 12668465 3362
3809 12671827 3655
3810 12675482 8904
3811 12684386 3763
3812 12688149 2854
3813 12691003 2231
3814 12693234 3597
3815 12696831 3524
3816 12700355 2100
3817 12702455 1629
3818 12704084 1823
3819 12705907 6389
3820 12712296 3228
3821 12715524 2264
3822 12717788 1889
3823 12719677 3451
3824 12723128 5533
3825 12728661 2034
3826 12730695 4179
3827 12734874 2743
3828 12737617 3786
3829 12741403 1775
3830 12743178 1566
3831 12744744 1575
3832 12746319 1647
3833 12747966 3677
3834 12751643 2762
3835 12754405 3989
3836 12758394 2408
3837 12760802 2422
3838 12763224 2616
3839 12765840 2399
3840 12768239 2561
3841 12770800 23280
3842 12794080 3241
3843 12797321 3643
3844 12800964 6345
3845 12807309 3114
3846 12810423 3322
3847 12813745 3435
3848 12817180 5262
3849 12822442 1637
3850 12824079 2614
3851 12826693 3444
3852 12830137 2475
3853 12832612 1103
3854 12833715 2386
3855 12836101 5106
3856 12841207 4250
3857 12845457 3041
3858 12848498 3800
3859 12852298 2662
3860 12854960 5443
3861 12860403 2550
3862 12862953 3812
3863 12866765 1122
3864 12867887 5337
3865 12873224 1465
3866 12874689 1237
3867 12875926 2067
3868 12877993 7466
3869 12885459 3352
3870 12888811 2560
3871 12891371 107
3872 12891478 2774
3873 12894252 1946
3874 12896198 2465
3875 12898663 7191
3876 12905854 1583
3877 12907437 1174
3878 12908611 1174
3879 12909785 1166
3880 12910951 1174
3881 12912125 1174
3882 12913299 1174
3883 12914473 1174
3884 12915647 1174
3885 12916821 1174
3886 12917995 817
3887 12918812 1149
3888 12919961 8109
3889 12928070 5575
3890 12933645 1349
3891 12934994 2033
3892 12937027 4784
3893 12941811 6814
3894 12948625 8215
3895 12956840 3945
3896 12960785 5519
3897 12966304 1273
3898 12967577 8885
3899 12976462 6045
3900 12982507 2089
3901 12984596 4484
3902 12989080 1971
3903 12991051 9333
3904 13000384 2429
3905 13002813 1297
3906 13004110 2950
3907 13007060 2184
3908 13009244 3041
3909 13012285 967
3910 13013252 3797
3911 13017049 2623
3912 13019672 1541
3913 13021213 3436
3914 13024649 1683
3915 13026332 6401
3916 13032733 2495
3917 13035228 2182
3918 13037410 5101
3919 13042511 8597
3920 13051108 5219
3921 13056327 1117
3922 13057444 1329
3923 13058773 1492
3924 13060265 2495
3925 13062760 2391
3926 13065151 1849
3927 13067000 3532
3928 13070532 2449
3929 13072981 3956
3930 13076937 3784
3931 13080721 466
3932 13081187 13416
3933 13094603 9633
3934 13104236 2491
3935 13106727 2113
3936 13108840 2461
3937 13111301 2685
3938 13113986 6412
3939 13120398 8027
3940 13128425 5259
3941 13133684 5977
3942 13139661 4589
3943 13144250 2525
3944 13146775 2513
3945 13149288 7444
3946 13156732 8541
3947 13165273 5435
3948 13170708 673
3949 13171381 2824
3950 13174205 3275
3951 13177480 1164
3952 13178644 1807
3953 13180451 1950
3954 13182401 666
3955 13183067 507
3956 13183574 630
3957 13184204 2602
3958 13186806 2544
3959 13189350 1947
3960 13191297 5799
3961 13197096 2062
3962 13199158 3850
3963 13203008 8163
3964 13211171 4217
3965 13215388 2413
3966 13217801 1603
3967 13219404 3038
3968 13222442 1805
3969 13224247 8336
3970 13232583 1725
3971 13234308 107
3972 13234415 5197
3973 13239612 5588
3974 13245200 4722
3975 13249922 5559
3976 13255481 1901
3977 13257382 3905
3978 13261287 6103
3979 13267390 2486
3980 13269876 4458
3981 13274334 995
3982 13275329 812
3983 13276141 4196
3984 13280337 2693
3985 13283030 2982
3986 13286012 1276
3987 13287288 1969
3988 13289257 2342
3989 13291599 2760
3990 13294359 2328
3991 13296687 1315
3992 13298002 4723
3993 13302725 4604
3994 13307329 3601
3995 13310930 3154
3996 13314084 4128
3997 13318212 4527
3998 13322739 2797
3999 13325536 3845
4000 13329381 2332
4001 13331713 1763
4002 13333476 2321
4003 13335797 20522
4004 13356319 3334
4005 13359653 4106
4006 13363759 1941
4007 13365700 8756
4008 13374456 2700
4009 13377156 5339
4010 13382495 5371
4011 13387866 3711
4012 13391577 4192
4013 13395769 5954
4014 13401723 3051
4015 13404774 5484
4016 13410258 1760
4017 13412018 2643
4018 13414661 5054
4019 13419715 4811
4020 13424526 3334
4021 13427860 5442
4022 13433302 5513
4023 13438815 4300
4024 13443115 2560
4025 13445675 4434
4026 13450109 7422
4027 13457531 207
4028 13457738 4753
4029 13462491 192
4030 13462683 924
4031 13463607 815
4032 13464422 2256
4033 13466678 1801
4034 13468479 959
4035 13469438 1861
4036 13471299 12159
4037 13483458 4457
4038 13487915 6910
4039 13494825 10003
4040 13504828 1138
4041 13505966 9967
4042 13515933 3402
4043 13519335 1424
4044 13520759 3538
4045 13524297 4688
4046 13528985 5563
4047 13534548 803
4048 13535351 2601
4049 13537952 3962
4050 13541914 3550
4051 13545464 5191
4052 13550655 5278
4053 13555933 1336
4054 13557269 9395
4055 13566664 3310
4056 13569974 616
4057 13570590 1569
4058 13572159 3341
4059 13575500 1903
4060 13577403 3298
4061 13580701 5134
4062 13585835 2153
4063 13587988 5853
4064 13593841 2323
4065 13596164 4238
4066 13600402 4938
